552960
345767936
345772032
345772032
345772032
345772032
345772032
345772032
345772032
345772032
345772032
345772032
345772032
345772032
345772032
345772032
345772032
345772032
345772032
345772032
345772032
345772032
345776128
345776128
345776128
345776128
345776128
345776128
345776128
345776128
345776128
345776128
345776128
345776128
345776128
345776128
345776128
345776128
345776128
345776128
345776128
345776128
345776128
345776128
345776128
345776128
345776128
345776128
345776128
345776128
345776128
345776128
345776128
345776128
345776128
345776128
345776128
345776128
345776128
345776128
345776128
345776128
345776128
345776128
345776128
345776128
345776128
345776128
345776128
345776128
345776128
345776128
345776128
345776128
345776128
345776128
345776128
345776128
345776128
345776128
345776128
345776128
345776128
345776128
345776128
345776128
345776128
345776128
345776128
345776128
345776128
345776128
345776128
345776128
345776128
345776128
345776128
345776128
345776128
345776128
345776128
345776128
345776128
345776128
345776128
345776128
345776128
345776128
345776128
345776128
345776128
345780224
345796608
345796608
345796608
345796608
345796608
345796608
345796608
345796608
345796608
345796608
345796608
345796608
345796608
345796608
345796608
345796608
345796608
345796608
345796608
345796608
345796608
345796608
345796608
345796608
345796608
345796608
345796608
345796608
345796608
345796608
345796608
